11111111111111111111111111111111111111111111111111111111111111111111111          1111
1         1          1   1   1   1                          1      1                1
1         1          1   1   1   1          1               1      1                1
1         1          1   1   1   1                          1      1                1
1         1          1   1   1   1          1               1      1                1
1    L    1     L    1   1   1   1                          1      1                1
1         1          1   1   1   1          1               1      1                1
1         1          1   1   1   1                          1      1                1
1         1          1   1   1   1          1               1      1                1
1         1          1   1   1   1                          1      1                1
111111  11111111  11111  1  11  111111  1111111111  1111111111  1111                1
1                                                                  1                1
1                                                                  1                1
      L        L       L       L          L          L        L                     1
                                                                            112221111
1                                                                  1        1       1
1                                                                  1        1       1
111111  11111  1111  111111  1111111111  111111  111111  11111  1111                1
1          1    1      1       1                   1       1       1                1
1          1    1      1       1           1       1       1       1        1       1
1          1    1      1       1                   1       1       1        1       1
1          1    1      1       1           1       1       1       1        111111111
1    L     1    1      1       1                   1       1       11  1    1       1
1          1    1      1       1           1       1       1       11  1            1
1          1    1      1       1                   1       1       11  1            1
1          1    1      1       1           1       1       1       11  1            1
1          1    1      1       1                   1       1       11111    1       1
1111111111111111111111111111111111111111111111111111111111111111111111111111111111111